Year	Interest	Balance	Loan Paid To Date	Principal	(A)	Total Payment (A + B)	(B)
============================================================================================
2023	16.68	10.00	0.00		0.00	16.68	16.68		16.68
Jan

2023	16.67	10.00	0.00		0.00	16.68	33.35		16.67
Feb

2023	16.67	10.00	0.00		0.00	16.68	50.03		16.67
Mar

2023	16.67	10.00	0.00		0.00	16.68	66.70		16.67
Apr

2023	16.67	9.99	0.01		0.01	16.68	83.38		16.67
May

2023	16.66	9.97	0.03		0.02	16.68	100.05		16.66
Jun

2023	16.63	9.93	0.07		0.05	16.68	116.73		16.63
Jul

2023	16.55	9.80	0.20		0.12	16.68	133.40		16.55
Aug

2023	16.35	9.47	0.53		0.33	16.68	150.08		16.35
Sep

2023	15.80	8.59	1.41		0.88	16.68	166.75		15.80
Oct

2023	14.33	6.25	3.75		2.34	16.68	183.43		14.33
Nov

2023	10.42	-0.00	10.00		6.25	16.68	200.10		10.42
============================================================================================
Dec

